6.0
6.0
12.0
3.0
1.422876523264107 2.843921543052688 8.05527980001347
0.0 0.0 0.0
0.0 1.0 0.0
255 100 255
1
11
-0.9680451127819549 -0.9266917293233082
-0.8853383458646616 0.7988721804511276
-0.25375939849624074 0.8402255639097742
0.2537593984962405 0.44548872180451116
-0.5507518796992481 0.21240601503759393
0.40413533834586457 0.34022556390977443
0.5958646616541352 0.7161654135338344
0.8665413533834585 0.5695488721804509
0.9417293233082706 0.23496240601503748
0.6033834586466165 0.11466165413533824
-0.6071428571428572 0.0657894736842104
Figure234
0.0
1.0
0.0
6.283185307179586
10
10
5
3.0 3.0 0.0
0.7504915783575618
0.7853981633974483
0.7853981633974483
51 51 15
